10
0 29 82 46 68 56 78 34 12 32
29 0 55 46 42 87 91 23 45 67
82 55 0 68 34 65 43 12 78 90
46 46 68 0 78 12 34 56 78 23
68 42 34 78 0 45 67 89 23 45
56 87 65 12 45 0 23 45 67 89
78 91 43 34 67 23 0 12 34 56
34 23 12 56 89 45 12 0 67 89
12 45 78 78 23 67 34 67 0 45
32 67 90 23 45 89 56 89 45 0